55
    1    26    33
    2    48    40
    3    48    28
    4    28     7
    5    21     4
    6    31     9
    7    29    47
    8    13    43
    9    30    11
   10    24    40
   11     5    43
   12    27    39
   13    21    14
   14    32    34
   15    33     4
   16     6     6
   17    34    31
   18    42    16
   19     8    29
   20     9    34
   21     3    45
   22    41    13
   23    14    50
   24    32    26
   25    45    14
   26    20    26
   27    42    22
   28     3    47
   29    36    49
   30    50    47
   31    35    45
   32    44    17
   33     4    13
   34    27    41
   35    13    46
   36    19    17
   37    47    44
   38    45    22
   39    48    16
   40    11    30
   41    12     1
   42    13    19
   43    47    18
   44     5    15
   45    28    15
   46    39     4
   47    42    37
   48    14    37
   49    40    27
   50     9    16
   51     1    22
   52    30     8
   53    33    17
   54    25    14
   55    48    42
500